50 55 8
10
2
9
6
4
6
7
1
9
10
4
10
9
4
4
8
8
3
5
7
1
2
9
2
8
1
4
3
9
5
8
8
9
3
2
5
5
6
3
4
7
1
9
5
2
9
1
2
3
4
5 51 5
34 27 8
17 4 13
36 25 8
35 33 9
30 38 8
22 39 5
36 26 9
49 6 3
24 8 15
15 38 5
33 31 10
25 38 2
8 42 15
1 46 5
23 8 13
14 49 14
47 18 1
15 3 3
7 11 11
48 35 3
27 24 9
24 44 8
42 47 6
49 22 15
36 12 6
9 17 4
3 43 4
7 33 8
32 13 7
29 37 3
31 27 13
46 2 6
37 50 15
22 15 14
40 39 13
6 15 8
30 36 2
2 47 4
37 42 1
26 15 6
8 12 15
25 16 3
44 21 14
47 34 7
4 33 11
32 30 8
4 5 3
41 20 14
50 22 11
8 49 11
41 28 12
46 23 2
16 11 1
37 39 11
39 12 10
32 19 1
21 14 6
25 39 9
13 11 6
20 25 4
17 18 3
15 28 8
